xof 0303txt 0032

Frame Root {
  FrameTransformMatrix {
     1.000000, 0.000000, 0.000000, 0.000000,
     0.000000,-0.000000,-1.000000, 0.000000,
     0.000000, 1.000000,-0.000000, 0.000000,
     0.000000, 0.000000, 0.000000, 1.000000;;
  }
  Frame Plane {
    FrameTransformMatrix {
       1.000000, 0.000000, 0.000000, 0.000000,
       0.000000, 1.000000, 0.000000, 0.000000,
       0.000000, 0.000000, 1.000000, 0.000000,
       0.000000, 0.000000, 0.000000, 1.000000;;
    }
    Mesh { //Plane_002 Mesh
      16;
       0.000000; 1.000000; 0.000000;,
      -1.000000; 1.000000; 0.000000;,
      -1.000000; 0.000000; 0.000000;,
       0.000000; 0.000000; 0.000000;,
       1.000000; 1.000000; 0.000000;,
       0.000000; 1.000000; 0.000000;,
       0.000000; 0.000000; 0.000000;,
       1.000000; 0.000000; 0.000000;,
       0.000000; 0.000000; 0.000000;,
      -1.000000; 0.000000; 0.000000;,
      -1.000000;-1.000000; 0.000000;,
      -0.000000;-1.000000; 0.000000;,
       1.000000; 0.000000; 0.000000;,
       0.000000; 0.000000; 0.000000;,
      -0.000000;-1.000000; 0.000000;,
       1.000000;-1.000000; 0.000000;;
      4;
      4;0;1;2;3;,
      4;4;5;6;7;,
      4;8;9;10;11;,
      4;12;13;14;15;;
      MeshNormals { //Plane_002 Normals
        16;
         0.000000;-0.000000; 1.000000;,
         0.000000;-0.000000; 1.000000;,
         0.000000;-0.000000; 1.000000;,
         0.000000;-0.000000; 1.000000;,
         0.000000;-0.000000; 1.000000;,
         0.000000;-0.000000; 1.000000;,
         0.000000;-0.000000; 1.000000;,
         0.000000;-0.000000; 1.000000;,
         0.000000;-0.000000; 1.000000;,
         0.000000;-0.000000; 1.000000;,
         0.000000;-0.000000; 1.000000;,
         0.000000;-0.000000; 1.000000;,
         0.000000;-0.000000; 1.000000;,
         0.000000;-0.000000; 1.000000;,
         0.000000;-0.000000; 1.000000;,
         0.000000;-0.000000; 1.000000;;
        4;
        4;0;1;2;3;,
        4;4;5;6;7;,
        4;8;9;10;11;,
        4;12;13;14;15;;
      } //End of Plane_002 Normals
      MeshMaterialList { //Plane_002 Material List
        1;
        1;
        0;;
        Material Default_Material {
           1.000000; 1.000000; 1.000000; 1.000000;;
           1.500000;
           1.000000; 1.000000; 1.000000;;
           0.000000; 0.000000; 0.000000;;
        }
      } //End of Plane_002 Material List
    } //End of Plane_002 Mesh
  } //End of Plane
} //End of Root Frame
